1	-0.530304
2	0.642826
3	-0.194115
4	0.577262
5	1.024717
6	0.39677
7	0.624642
8	-0.295248
9	2.334205
10	0.39575
11	1.732716
12	0.0039
13	0.289666
14	0.213039
15	1.303062
16	1.201426
17	-0.208411
18	0.116196
19	0.126492
20	0.48793
21	0.382877
22	0.422618
23	0.019634
24	0.023155
25	0.496541
26	0.105232
27	0.399201
28	0.151488
29	0.590197
30	0.430457
31	0.404357
32	0.128331
33	0.291588
34	0.38673
35	0.784453
36	0.920737
37	-0.078472
38	-0.046947
39	0.620625
40	0.108357
41	0.052013
42	0.275101
43	0.168395
44	0.534558
45	2.105241
46	1.267915
47	2.629816
48	0.784653
49	1.486503
50	1.288946
51	0.447522
52	0.2736
53	0.31919
54	0.129265
55	0.22283
56	0.034779
57	0.382532
58	0.2646
59	0.620157
60	0.260757
61	0.193361
62	0.168228
63	0.225634
64	-0.056077
65	1.028676
66	1.297281
67	0.683879
68	1.243614
69	0.824546
70	-0.154574
71	0.446245
72	0.276126
73	0.396534
74	0.202969
75	0.828462
76	0.013347
77	1.656179
78	1.330247
79	1.392844
80	0.46699
81	3.659518
82	0.570589
83	-0.110547
84	0.357624
85	0.142065
86	0.3893
87	0.278231
88	0.046179
89	-0.048131
90	0.085277
91	0.414444
92	-0.088181
93	0.35569
94	0.170105
95	0.635572
96	0.305478
97	0.104396
98	0.315156
99	0.432344
100	0.340866
101	-0.026967
102	0.325447
103	0.146953
104	0.369504
105	0.410869
106	0.707689
107	0.191189
108	0.427328
109	0.017897
110	0.098882
111	1.001372
112	1.962841
113	1.265883
114	1.277087
115	0.227103
116	0.851339
117	2.144558
118	0.325853
119	1.614974
120	0.689265
121	1.406168
122	0.613621
123	0.467752
124	0.678603
125	0.543709
126	0.801814
127	1.310734
128	1.222702
129	1.406222
130	0.47424
131	0.661991
132	0.124665
133	0.15606
134	-0.243589
135	0.036072
136	0.004836
137	0.397242
138	0.886599
139	0.907756
140	1.137281
141	0.363454
142	0.131248
143	-0.129126
144	0.131929
145	0.101019
146	0.167589
147	1.186539
148	0.242483
149	0.419743
150	-0.170566
151	0.028993
152	0.046973
153	-0.127285
154	0.44247
155	-0.185245
156	-0.06296
157	0.064797
158	-0.384452
159	-0.426111
160	0.051772
161	0.111805
162	-0.129632
163	0.617113
164	0.02347
165	0.058458
166	0.067089
167	-0.329009
168	-0.208167
169	-0.422756
170	0.287881
171	0.257461
172	-0.035394
173	-0.090813
174	0.482403
175	0.426224
176	0.157041
177	0.188777
178	0.093827
179	0.34061
180	0.248924
181	-0.253141
182	-0.110502
183	-0.137419
184	0.312274
185	-0.35246
186	0.167358
187	-0.285073
188	0.653655
189	0.381475
190	0.863928
191	0.466835
192	0.903346
193	-0.442517
194	0.685174
195	0.28962
196	1.629181
197	0.887945
198	0.652248
199	0.700088
200	0.253349
201	0.264267
202	0.402634
203	0.144014
204	0.929761
205	0.788783
206	1.197103
207	0.94012
208	-0.580531
209	0.593287
210	0.709828
211	0.85795
212	-0.789843
213	-0.159473
214	0.122598
215	0.399446
216	0.269464
217	-0.209864
218	0.498797
219	0.571138
220	-0.565393
221	-0.114093
222	-0.237018
223	0.183564
224	0.950199
225	1.32879
226	-0.315416
227	0.629924
228	0.294948
229	0.841194
230	0.670135
231	0.381648
232	0.345738
233	0.529926
234	-0.78813
235	-0.335696
236	1.764296
237	1.692913
238	-0.506707
239	0.47607
240	0.989688
241	-0.019417
242	-0.007725
243	2.019453
244	0.35885
245	0.298787
246	0.115676
247	0.405179
248	0.53864
249	0.564059
250	0.317395
251	1.108594
252	-0.009648
253	0.648089
254	0.866502
255	0.225061
256	1.08876
257	0.845111
258	0.766002
259	1.130075
260	-0.012506
261	1.378454
262	0.861798
263	0.342147
264	0.78324
265	0.741957
266	0.635685
267	0.693033
268	0.394446
269	0.752633
270	0.760038
271	0.450655
272	0.230096
273	0.733796
274	0.048142
275	-0.47816
276	0.099969
277	0.795617
278	0.90686
279	0.086592
280	-0.272613
281	-0.225067
282	0.061279
283	-0.263748
284	0.398957
285	0.289245
286	1.117831
287	0.193896
288	0.286441
289	-0.767653
290	1.227823
291	-0.103217
292	0.673797
293	-0.208839
294	0.585794
295	0.697676
296	0.373468
297	0.898382
298	0.389344
299	1.237256
300	0.599111
301	0.597236
302	0.364858
303	1.013524
304	0.818522
305	-0.014409
306	0.156838
307	0.054269
308	0.608463
309	1.524894
310	1.863469
311	0.788391
312	0.075396
313	0.771158
314	0.207727
315	0.781477
316	0.196637
317	0.548637
318	-0.174893
319	0.702099
320	0.550384
321	0.323531
322	0.531579
323	-0.386445
324	-0.027146
325	1.121565
326	0.566827
327	1.812246
328	0.55547
329	-0.065352
330	0.95942
331	2.696949
332	1.0157
333	0.849463
334	2.387951
335	0.845518
336	0.361508
337	0.354986
338	0.232782
339	-0.006392
340	1.111559
341	-0.088088
342	0.802406
343	-0.195515
344	0.909059
345	0.536581
346	0.830339
347	-0.357294
348	0.217894
349	0.389276
350	0.12469
351	0.345273
352	0.793663
353	0.214804
354	0.852585
355	1.227329
356	0.842481
357	0.645563
358	0.011212
359	0.553646
360	0.29249
361	0.106625
362	0.245939
363	0.50555
364	0.146878
365	0.132394
366	0.259107
367	0.260245
368	0.072942
369	-0.016759
370	1.310612
371	0.497651
372	0.556376
373	-0.009643
374	-0.059382
375	0.401949
376	0.559498
377	1.317852
378	1.227096
379	0.467562
380	0.809745
381	0.47633
382	0.197582
383	0.189151
384	1.360322
385	0.499124
386	0.707124
387	0.20852
388	0.762103
389	1.53352
390	0.861334
391	0.560178
392	0.662825
393	1.053463
394	0.880123
395	0.093766
396	0.09642
397	0.266834
398	0.083233
399	-0.029269
400	-0.095627
401	-0.203681
402	0.863627
403	0.082129
404	1.88464
405	0.625047
406	0.841929
407	0.579394
408	2.120394
409	1.586473
410	-0.086263
411	1.84251
412	1.903409
413	0.240264
414	0.580983
415	-0.459677
416	-0.154846
417	-0.115083
418	0.706999
419	-0.28084
420	-0.334959
421	0.419656
422	0.185312
423	-0.051872
424	1.621684
425	0.540779
426	0.073905
427	0.183496
428	-0.031235
429	0.412546
430	0.352565
431	-0.189599
432	0.544946
433	0.156517
434	-0.264252
435	-0.285561
436	-0.195927
437	0.142566
438	0.048259
439	1.448639
440	-0.202992
441	0.613247
442	-0.235756
443	0.707901
444	0.906885
445	0.462862
446	-3.145003
447	-0.149721
448	-0.689774
449	1.396652
450	1.05146
451	-4
452	-4
453	-4
