1	0.000000
2	0.029241
3	0.601007
4	0.027815
5	0.325772
6	-0.008006
7	0.076451
8	-0.003180
9	0.269645
10	0.146124
11	0.336301
12	0.240858
13	0.020196
14	0.051777
15	0.340028
16	0.332221
17	0.102945
18	0.309180
19	0.131417
20	0.525400
21	-0.058284
22	0.666252
23	0.348409
24	0.142301
25	-0.387914
26	-0.145504
27	0.018205
28	0.231907
29	-0.089219
30	0.305352
31	-0.120299
32	0.116235
33	0.119878
34	0.086687
35	0.218505
36	0.108405
37	0.038383
38	0.392179
39	0.073255
40	-0.110578
41	-0.159666
42	-0.052341
43	-0.026291
44	0.097530
45	0.017478
46	1.278289
47	2.048427
48	1.421495
49	1.488877
50	0.558182
51	0.382194
52	0.085511
53	0.215926
54	-0.069644
55	0.143246
56	0.392049
57	0.467714
58	0.194613
59	0.193750
60	2.271126
61	0.462355
62	0.582163
63	0.205525
64	0.863665
65	0.211918
66	0.369711
67	0.142495
68	0.121287
69	0.043461
70	0.539409
71	0.638579
72	0.179891
73	0.143758
74	0.450352
75	0.405924
76	0.616481
77	0.631299
78	-0.044853
79	-0.026544
80	0.219788
81	0.637027
82	1.494143
83	1.158242
84	1.287398
85	0.375480
86	0.169823
87	1.245470
88	0.209136
89	3.170224
90	0.356696
91	2.811352
92	2.543734
93	0.987515
94	0.153270
95	0.266208
96	1.194457
97	0.136377
98	0.658648
99	0.780028
100	0.627356
101	0.269708
102	1.713060
103	0.633693
104	1.667645
105	0.389420
106	1.378065
107	1.480808
108	0.237207
109	0.072751
110	0.306749
111	-0.080050
112	0.256468
113	0.014743
114	0.196761
115	0.089905
116	0.033536
117	0.140974
118	0.282518
119	0.357126
120	0.741427
121	0.593842
122	0.676959
123	0.525334
124	0.042120
125	0.830288
126	0.452433
127	0.269525
128	0.834144
129	1.291787
130	0.310869
131	-0.153533
132	0.559272
133	0.605605
134	1.555707
135	0.963718
136	2.324290
137	0.717894
138	0.161492
139	1.113310
140	0.451739
141	0.263810
142	0.203822
143	0.092787
144	0.304000
145	0.562920
146	0.626452
147	0.533798
148	-0.057091
149	1.342169
150	0.511626
151	1.654652
152	1.035845
153	0.728888
154	0.207671
155	0.279909
156	0.369773
157	0.215651
158	-0.137752
159	0.393774
160	0.580398
161	0.206473
162	1.380945
163	0.001967
164	0.654045
165	0.219599
166	0.196596
167	0.197223
168	0.311626
169	0.177918
170	1.015932
171	0.242464
172	0.415911
173	0.294005
174	0.206181
175	0.194099
176	0.956749
177	2.135026
178	0.582073
179	0.570753
180	0.593265
181	0.596464
182	0.690837
183	0.224365
184	0.862087
185	2.297740
186	1.849700
187	0.964402
188	0.441184
189	0.858219
190	0.551356
191	0.148297
192	1.295490
193	1.348858
194	1.126616
195	0.468927
196	-0.072471
197	0.250149
198	-0.133318
199	-0.014401
200	-0.110215
201	0.176701
202	-0.092177
203	1.315317
204	0.025608
205	0.258638
206	0.091381
207	0.476934
208	0.068239
209	0.654376
210	0.405424
211	0.174312
212	0.288857
213	0.611854
214	0.746277
215	0.674068
216	0.650128
217	0.506519
218	3.911189
219	0.906125
220	0.712435
221	1.445493
222	0.211916
223	1.409321
224	1.044436
225	0.559463
226	0.202609
227	1.951512
228	0.889196
229	0.003357
230	0.045267
231	2.092716
232	0.315223
233	0.686309
234	0.071458
235	0.367697
236	0.273809
237	-0.224619
238	0.200796
239	0.552109
240	0.129305
241	0.262148
242	0.158557
243	1.616373
244	0.100417
245	0.052248
246	-0.159771
247	0.070154
248	-0.099306
249	-0.286864
250	-0.000339
251	-0.387844
252	-0.125576
253	0.004192
254	-0.046763
255	0.013888
256	0.444290
257	-0.038849
258	-0.106714
259	0.063943
260	0.008325
261	-0.306585
262	0.666003
263	0.114134
264	0.048789
265	-0.470744
266	0.140762
267	-0.313750
268	-999.000000
269	0.101970
270	-999.000000
271	-999.000000
