1	-0.457029
2	
3	0.272059
4	0.287868
5	1.739957
6	0.253883
7	0.58126
8	0.025415
9	2.260201
10	0.296182
11	0.21787
12	-0.328332
13	0.640827
14	0.145591
15	1.270578
16	1.488734
17	-0.25773
18	0.2988
19	0.226837
20	0.560208
21	0.060019
22	0.520858
23	0.293229
24	0.342183
25	1.264165
26	-0.221283
27	0.334735
28	-0.283557
29	0.1825
30	0.26496
31	0.479582
32	0.063924
33	0.261013
34	0.155865
35	0.894566
36	0.296542
37	-0.02523
38	-0.037393
39	-0.283904
40	-0.061958
41	0.031888
42	0.261398
43	0.052577
44	0.100626
45	0.594421
46	0.135071
47	2.015625
48	0.498633
49	4.196883
50	1.853542
51	0.968898
52	0.975087
53	0.091549
54	0.092514
55	0.110324
56	0.008822
57	0.208756
58	-0.166059
59	-0.047785
60	0.27807
61	-0.096278
62	0.164612
63	-0.033993
64	0.046306
65	0.381675
66	1.800367
67	0.230218
68	1.755309
69	0.183201
70	0.037731
71	0.545257
72	0.087364
73	1.19833
74	0.408942
75	1.150507
76	0.075947
77	0.492456
78	3.21068
79	2.863368
80	0.585162
81	4.096016
82	0.087388
83	-1.167325
84	-0.173884
85	-0.277204
86	0.231319
87	0.417209
88	0.04722
89	-0.00291
90	-0.002196
91	0.106884
92	-0.065927
93	0.13284
94	0.058318
95	0.660235
96	1.529747
97	0.274063
98	2.81797
99	0.118581
100	0.09448
101	-0.098857
102	-0.169922
103	-0.005704
104	0.213409
105	0.083515
106	-0.065163
107	0.210686
108	0.167834
109	0.036988
110	0.604536
111	0.952084
112	1.313573
113	2.112285
114	1.497249
115	0.011244
116	0.40641
117	0.83394
118	1.022757
119	0.455111
120	1.968987
121	1.061669
122	0.433326
123	1.124111
124	0.635319
125	0.020022
126	1.603803
127	0.442707
128	1.049156
129	1.144198
130	0.872967
131	0.825378
132	-0.027495
133	-0.061435
134	-0.047682
135	0.056531
136	0.009706
137	0.200053
138	2.789356
139	-0.051351
140	3.604554
141	0.191011
142	0.090053
143	0.103161
144	0.099468
145	-0.225325
146	0.132361
147	-0.108712
148	0.046545
149	0.065453
150	-0.130271
151	-0.059697
152	0.156476
153	-0.269699
154	0.169494
155	0.115715
156	0.0247
157	0.079393
158	0.184115
159	-0.033963
160	0.00608
161	-0.145773
162	0.360896
163	0.38273
164	0.497011
165	-0.150623
166	0.123375
167	0.375879
168	-0.221884
169	0.133296
170	0.581891
171	0.694833
172	-0.332237
173	1.131963
174	0.265955
175	-0.554305
176	0.043754
177	0.238718
178	0.135553
179	0.057542
180	-0.17868
181	0.359686
182	0.355039
183	0.689853
184	0.323035
185	0.053821
186	0.069757
187	-0.200322
188	0.960674
189	0.38189
190	1.241403
191	1.208984
192	0.493315
193	0.552536
194	0.229536
195	0.773881
196	2.008538
197	0.791354
198	0.720305
199	0.44593
200	0.34004
201	0.15653
202	0.777991
203	-0.066558
204	-0.087964
205	0.660267
206	0.505208
207	1.716708
208	-0.146155
209	0.501649
210	0.10332
211	0.662135
212	-0.251477
213	0.372881
214	0.415659
215	0.127798
216	0.47016
217	0.351818
218	0.221286
219	0.483674
220	-0.071991
221	0.010522
222	-0.259691
223	-0.026189
224	0.240589
225	0.745917
226	-0.010401
227	-0.398323
228	0.284581
229	1.469288
230	0.237864
231	0.078995
232	0.842469
233	0.739077
234	-0.243158
235	0.221115
236	2.282423
237	2.763649
238	0.216435
239	0.530322
240	0.589549
241	0.850429
242	0.461071
243	2.373642
244	2.066979
245	0.48082
246	0.339245
247	1.389351
248	0.643672
249	1.986953
250	0.149098
251	0.386697
252	-0.18615
253	0.283324
254	0.296712
255	0.023266
256	1.046611
257	0.261608
258	1.284182
259	0.937159
260	0.363105
261	0.886919
262	1.826653
263	0.209461
264	0.529743
265	1.224296
266	1.529278
267	0.718873
268	0.964951
269	0.430118
270	0.499151
271	0.254747
272	0.213885
273	0.483271
274	0.304306
275	0.074901
276	-0.263005
277	0.103391
278	0.629107
279	-0.019834
280	0.526864
281	0.471387
282	0.288722
283	-0.102028
284	0.819989
285	0.683503
286	0.766295
287	0.131298
288	0.65427
289	0.051305
290	0.915796
291	0.133293
292	0.327889
293	-0.007238
294	0.644215
295	0.540335
296	0.38522
297	-0.192449
298	0.618533
299	0.462212
300	1.021631
301	0.218455
302	0.873813
303	2.07424
304	1.061987
305	0.236375
306	0.214667
307	0.338573
308	0.234728
309	0.480963
310	0.12137
311	0.962173
312	-0.123314
313	0.074733
314	0.164521
315	0.057635
316	0.442539
317	0.091796
318	-0.017516
319	-0.009542
320	0.041672
321	0.244697
322	0.035678
323	0.365093
324	0.41358
325	0.615559
326	0.274963
327	0.338785
328	0.211321
329	-0.058915
330	0.273479
331	0.061602
332	1.125203
333	0.440599
334	1.178146
335	0.146823
336	0.053946
337	-0.027366
338	0.368453
339	-0.008203
340	3.644007
341	-0.038579
342	0.991484
343	0.266224
344	0.64362
345	-0.070173
346	-0.024604
347	-0.063506
348	0.092168
349	-0.057522
350	0.164586
351	-0.034095
352	0.497284
353	0.086459
354	0.807256
355	0.92259
356	1.263234
357	1.017162
358	0.37973
359	0.42741
360	0.189729
361	0.378835
362	0.053695
363	-0.00209
364	0.090121
365	0.196568
366	0.111277
367	0.105001
368	-0.105721
369	-0.034258
370	0.500091
371	0.381851
372	0.412998
373	0.383542
374	-0.114608
375	0.513985
376	0.133297
377	1.936402
378	1.462802
379	0.488
380	1.185874
381	0.791845
382	0.195809
383	0.223519
384	3.670189
385	0.348856
386	0.150295
387	0.231858
388	1.767105
389	1.173841
390	0.710149
391	0.362613
392	1.260832
393	0.921776
394	0.690842
395	-0.092276
396	-0.118653
397	-0.169976
398	0.198066
399	0.014473
400	0.374375
401	-0.030141
402	0.404892
403	0.018113
404	2.905655
405	0.96732
406	0.776885
407	0.465375
408	2.440859
409	1.965625
410	0.037241
411	0.743748
412	1.999614
413	0.84042
414	0.358325
415	0.121399
416	0.113841
417	-0.007861
418	0.1585
419	0.173183
420	-0.067442
421	0.003941
422	-0.067438
423	0.018561
424	1.674013
425	0.338153
426	0.568463
427	0.508608
428	0.296777
429	0.191443
430	0.134949
431	0.00011
432	0.084536
433	0.019519
434	-0.111889
435	-0.035473
436	-0.161257
437	0.036446
438	-0.115547
439	-0.117503
440	-0.187542
441	0.189692
442	-0.187792
443	
444	0.37914
445	0.296833
446	
447	-0.024329
448	-0.224329
449	0.344466
450	0.088713
451	0.220777
452	
453	
