1	
2	
3	
4	
5	
6	
7	
8	0.3245785
9	
10	0.1970996667
11	0.2172013333
12	0
13	0.0888403333
14	0.679584
15	0.475783
16	0.9236463333
17	0.057087
18	0.3525693333
19	0.8098126667
20	0.2797843333
21	0.765822
22	0.474528
23	0.8657033333
24	0.7660213333
25	0.1182906667
26	0
27	0
28	0.210978
29	0.088765
30	0
31	0
32	0.2568233333
33	1.125721
34	0.118027
35	0.0200725
36	0
37	0.053
38	0.187986
39	0.629174
40	0.7794636667
41	0.4951853333
42	1.3685376667
43	0.406342
44	0.0287435
45	0
46	0
47	0
48	0
49	0
50	0.1511115
51	0.1676325
52	0.971004
53	1.4913243333
54	0.1873155
55	0
56	0.2412773333
57	0.307338
58	
59	
60	
61	
62	0
63	0.6186436667
64	0.76009
65	0.6878693333
66	0.621455
67	
68	0.9641523333
69	0.4781035
70	0.6393765
71	
72	
73	
74	
75	
76	
77	
78	
79	
80	
81	
82	
83	
84	
