1	-0.752151
2	
3	0.745418
4	1.147281
5	-0.054126
6	1.094328
7	-0.329988
8	0.125419
9	0.559925
10	0.009302
11	0.418271
12	0.253113
13	0.252874
14	-0.053617
15	-0.113203
16	-0.176832
17	1.283931
18	0.748271
19	0.0884
20	0.411032
21	0.119375
22	0.114517
23	0.175619
24	
25	-0.219905
26	0.341142
27	0.324719
28	0.485088
29	
30	0.603186
31	-0.0298
32	1.0197
33	1.137804
34	0.63378
35	1.519334
36	0.392493
37	0.608643
38	-0.669359
39	0.75768
40	0.000493
41	0.000962
42	0.038764
43	0.166597
44	0.393027
45	0.842763
46	0.870619
47	0.029529
48	0.141594
49	0.869159
50	0.913345
51	0.768318
52	0.121268
53	1.263399
54	0.351441
55	0.271885
56	0.547861
57	0.342536
58	-0.208778
59	0.697156
60	0.846049
61	-0.069598
62	-0.456713
63	0.154277
64	1.252882
65	2.414988
66	0.266679
67	2.352658
68	0.479831
69	0.230729
70	1.409139
71	0.556598
72	0.044137
73	1.0575
74	0.113762
75	-0.335051
76	0.301849
77	0.869347
78	0.511622
79	0.405382
80	0.318218
81	0.462969
82	-0.036718
83	0.394056
84	0.41601
85	0.506604
86	0.403373
87	-0.05664
88	1.212457
89	1.039991
90	0.893074
91	1.334024
92	1.537855
93	1.047416
94	1.432573
95	0.208483
96	1.171368
97	0.365748
98	0.753112
99	0.31855
100	0.296238
101	-0.03553
102	-0.398265
103	0.094891
104	0.883796
105	-0.019711
106	0.254978
107	0.130782
108	1.080804
109	0.223301
110	0.259782
111	0.868229
112	0.767322
113	1.179058
114	0.403919
115	2.216382
116	0.471655
117	0.114747
118	0.520999
119	1.24336
120	0.827497
121	3.424463
122	0.640535
123	0.058379
124	-0.000772
125	0.579583
126	0.199607
127	0.182123
128	1.010471
129	0.061038
130	1.302051
131	0.058664
132	0.39547
133	0.700294
134	0.372338
135	0.328568
136	0.795602
137	0.249521
138	1.40997
139	0.822493
140	0.810027
141	0.354499
142	0.185452
143	0.387268
144	-0.431513
145	1.142946
146	0.353268
147	0.189045
148	0.842925
149	-0.127884
150	0.189855
151	0.714929
152	0.061479
153	0.198924
154	0.723093
155	0.264744
156	0.789274
157	-0.559514
158	2.239284
159	0.929537
160	0.225873
161	0.106433
162	-0.12625
163	0.618794
164	0.138022
165	0.693935
166	0.136632
167	-0.091885
168	0.084997
169	0.19766
170	-0.064471
171	0.31961
172	0.113669
173	-0.188301
174	0.203255
175	-0.068278
176	0.134198
177	0.163455
178	4.187046
179	-0.011623
180	0.643232
181	-0.044895
182	0.778948
183	1.19673
184	0.193258
185	-0.177288
186	-0.019025
187	0.148709
188	0.441967
189	0.377254
190	0.730723
191	-0.236531
192	0.132605
193	-0.115328
194	0.371641
195	0.53732
196	0.809044
197	0.096436
198	0.068019
199	2.472149
200	0.242668
201	-0.333331
202	-0.016578
203	-0.082407
204	-0.209676
205	0.712745
206	0.220878
207	-0.018134
208	0.627549
209	-0.189571
210	0.013762
211	-0.173584
212	-0.215753
213	1.334058
214	1.427934
215	0.746337
216	0.38126
217	0.479815
218	0.448844
219	-0.182682
220	1.186581
221	1.521611
222	0.809966
223	0.828372
224	1.234016
225	-0.388197
226	0.500765
227	0.600402
228	0.385373
229	0.222199
230	0.803607
231	0.031653
232	0.845739
233	-0.013445
234	0.914207
235	0.269217
236	0.501926
237	0.148141
238	0.543969
239	0.184426
240	0.536427
241	1.20667
242	0.35965
243	0.220925
244	0.773235
245	1.524561
246	0.082221
247	0.986138
248	1.782826
249	1.501914
250	0.481189
251	1.709927
252	1.293927
253	0.276765
254	0.394508
255	0.183485
256	0.099089
257	0.073517
258	1.059057
259	0.858721
260	1.370553
261	0.540793
262	0.092762
263	1.754707
264	0.046966
265	1.245376
266	0.00853
267	1.250958
268	1.625053
269	0.855458
270	0.256598
271	0.15497
272	-0.191643
273	0.115709
274	-0.524245
275	0.086716
276	-0.218597
277	0.626173
278	-0.393924
279	0.14828
280	0.57563
281	0.225937
282	0.011797
283	0.271074
284	0.904366
285	-0.408813
286	-0.337711
287	0.414084
288	-0.214965
289	1.256769
290	0.099947
291	0.088028
292	0.164273
293	0.073972
294	0.341408
295	1.274582
296	-0.274623
297	0.240157
298	-0.00282
299	1.774016
300	0.766578
301	0.599175
302	1.148744
303	0.72043
304	2.189517
305	0.117314
306	0.01497
307	-0.013545
308	-0.727178
309	0.122392
310	0.632775
311	1.574914
312	1.131733
313	0.347949
314	1.38668
315	0.389716
316	0.073326
317	0.920872
318	-0.111471
319	0.694819
320	0.254001
321	1.446575
322	0.864191
323	0.188631
324	-0.483744
325	-0.293826
326	0.395511
327	0.179024
328	0.507266
329	0.510873
330	0.177265
331	0.016715
332	0.312841
333	0.259307
334	-0.191833
335	1.038128
336	0.419338
337	0.604226
338	0.01782
339	0.462823
340	-0.378144
341	0.441959
342	0.230164
343	0.028679
344	-0.135501
345	0.027862
346	0.089786
347	-0.443803
348	0.364494
349	0.616805
350	-0.626084
351	-0.221258
352	0.895777
353	0.634404
354	0.664563
355	0.133047
356	0.859136
357	0.654477
358	0.88972
359	-1.798697
360	0.355145
361	0.118528
362	0.558456
363	0.710269
364	0.410068
365	0.299881
366	0.127563
367	-0.508608
368	0.717232
369	0.36364
370	0.640657
371	-0.079362
372	0.154686
373	-0.372258
374	0.682243
375	0.509218
376	1.696146
377	-0.135388
378	-0.046443
379	1.370615
380	0.342236
381	0.19366
382	0.443811
383	0.370924
384	0.488203
385	1.384999
386	0.869081
387	-0.184284
388	0.930411
389	-0.192689
390	-0.142788
391	-0.699421
392	0
393	-0.02345
394	0
395	0.129883
396	-0.683039
397	-0.037544
398	-0.122145
399	0.205113
400	0.129701
401	0.081415
402	
403	-0.615441
404	-0.359504
405	
406	0
407	-0.266625
408	
409	-0.140601
410	
411	0
412	
413	
