1	0.266308
2	0.017437
3	0.958212
4	1.660075
5	-1.061288
6	0.09815
7	0.694806
8	0.612518
9	-0.246193
10	0.450722
11	0.352864
12	-0.014961
13	1.665198
14	-0.450376
15	-0.080658
16	0.204076
17	0.161437
18	-0.104438
19	0.906467
20	-0.15058
21	-0.054326
22	-0.020867
23	0.402623
24	0.191312
25	-0.013702
26	0.101574
27	0.129112
28	0.221977
29	0.250567
30	0.332199
31	0.273259
32	0.661312
33	-0.186169
34	1.501455
35	1.59446
36	0.04896
37	1.094952
38	0.621215
39	0.371895
40	0.190661
41	0.140216
42	-0.08992
43	0.125857
44	0.013487
45	0.237828
46	-0.110574
47	-0.754126
48	0.110542
49	0.35561
50	0.558478
51	0.012688
52	-0.172003
53	0.891081
54	2.642328
55	0.156044
56	1.443903
57	1.10477
58	0.503109
59	1.498604
60	-0.01854
61	2.130474
62	-0.066096
63	1.002732
64	1.625623
65	0.962884
66	0.869856
67	1.108356
68	0.284116
69	0.832089
70	0.066156
71	-0.072996
72	0.453444
73	0.489584
74	0.766571
75	1.580503
76	1.046159
77	1.817138
78	0.545378
79	3.008633
80	2.218837
81	0.415033
82	1.547186
83	0.854933
84	-0.352307
85	0.511894
86	0.641168
87	0.128967
88	0.44177
89	1.73767
90	0.869357
91	-0.004782
92	-0.022273
93	0.973677
94	0.859847
95	0.797782
96	0.022163
97	0.378792
98	0.299234
99	1.207702
100	-0.069534
101	0.212143
102	0.05933
103	0.570425
104	0.454123
105	2.757373
106	0.642921
107	-0.104457
108	-0.154551
109	0.456024
110	0.394982
111	0.416931
112	0.56943
113	1.537865
114	0.897284
115	0.503083
116	1.322705
117	-0.005442
118	0.26813
119	1.390075
120	0.389306
121	0.474016
122	0.143342
123	0.062284
124	0.771596
125	1.122968
126	1.085442
127	1.04865
128	0.728312
129	0.252384
130	0.589967
131	-0.630237
132	0.176432
133	0.187399
134	0.364128
135	0.075488
136	0.047271
137	0.080809
138	0.469237
139	0.832096
140	0.212922
141	0.32611
142	-0.02172
143	0.305637
144	1.544074
145	0.435266
146	0.326603
147	0.096707
148	0.13187
149	0.05995
150	0.248258
151	0.371862
152	0.212363
153	0.520759
154	-0.266768
155	0.151571
156	0.235313
157	-0.0639
158	0.047752
159	0.173994
160	-0.147472
161	0.233497
162	1.411789
163	0.504304
164	0.06303
165	0.285662
166	-0.111354
167	0.353065
168	0.589999
169	0.181749
170	-0.103495
171	2.471576
172	0.343583
173	0.036251
174	0.362252
175	0.48376
176	2.088584
177	0.400537
178	-0.161151
179	0.163379
180	-0.050704
181	1.467375
182	0.585951
183	0.559404
184	0.407525
185	0.603521
186	0.427573
187	0.328212
188	0.772427
189	-0.128946
190	1.273946
191	0.142061
192	-0.139959
193	-0.32295
194	0.099466
195	0.015245
196	-0.124634
197	0.270045
198	0.309068
199	0.291535
200	0.642039
201	0.179608
202	0.505448
203	1.13459
204	0.406623
205	-0.184322
206	-0.004924
207	0.136172
208	0.17713
209	0.145021
210	0.251638
211	0.276126
212	0.395496
213	0.430156
214	2.224062
215	-0.129498
216	0.160193
217	0.142171
218	0.037165
219	0.210017
220	0.784131
221	1.769741
222	0.251999
223	0.93631
224	0.327221
225	-0.165322
226	0.524425
227	0.662718
228	0.146252
229	0.428026
230	-0.060594
231	0.560146
232	-0.039366
233	0.099766
234	0.221776
235	0.042551
236	-0.999876
237	-0.06945
238	-0.08072
239	0.349326
240	0.169943
241	-0.547413
242	-0.334157
243	0.199977
244	-0.460089
245	
246	
247	
248	
249	-1.735493
250	-0.180546
251	
252	
253	
254	
