1	-999.000000
2	-999.000000
3	-999.000000
4	-999.000000
5	-999.000000
6	-999.000000
7	-999.000000
8	-999.000000
9	-999.000000
10	-999.000000
11	-0.158195
12	0.790467
13	-0.361917
14	0.410578
15	0.935918
16	1.166270
17	0.153720
18	-0.160174
19	0.137934
20	-0.024714
21	0.360352
22	-0.215944
23	0.041799
24	0.029716
25	-0.169484
26	0.227170
27	0.503132
28	0.085611
29	0.029615
30	0.033637
31	-0.086613
32	-0.000554
33	-0.103072
34	-0.007023
35	0.494354
36	0.244055
37	-0.003245
38	0.427059
39	-0.057995
40	0.970555
41	-0.066576
42	0.071082
43	-0.103651
44	0.273529
45	0.349837
46	0.890290
47	-0.330410
48	-0.120724
49	0.532858
50	-0.082211
51	1.721121
52	0.908856
53	1.371866
54	0.138646
55	0.656158
56	0.866021
57	0.339685
58	0.330753
59	0.047757
60	2.240200
61	1.807743
62	2.276068
63	0.271472
64	0.420680
65	0.408433
66	1.066410
67	1.343959
68	0.158186
69	0.269850
70	0.247543
71	0.500670
72	0.219171
73	0.204423
74	2.547513
75	0.986443
76	0.443372
77	0.379029
78	0.265700
79	0.045452
80	0.231667
81	-0.425210
82	0.119254
83	0.807686
84	0.440710
85	0.500627
86	0.923304
87	1.021501
88	0.201885
89	1.385751
90	1.093388
91	-0.033281
92	2.151567
93	0.541619
94	0.279319
95	1.411996
96	-0.041328
97	-999.000000
98	-999.000000
99	0.522807
100	1.185484
101	0.365214
102	0.235286
103	0.855909
104	0.586221
105	0.488867
106	0.119576
107	0.523798
108	0.882544
109	0.100664
110	0.609173
111	0.035005
112	0.544101
113	1.633566
114	1.226934
115	2.419184
116	0.977493
117	0.346273
118	0.896108
119	0.625419
120	0.075291
121	0.364750
122	0.483039
123	0.110234
124	0.680596
125	2.089779
126	0.904301
127	1.080908
128	0.664762
129	1.286170
130	0.152515
131	0.285039
132	0.059731
133	0.330743
134	0.693285
135	1.000193
136	1.365463
137	5.180376
138	3.450686
139	1.673475
140	1.263772
141	0.306619
142	0.684944
143	0.546339
144	0.442307
145	0.880422
146	0.090787
147	1.056616
148	0.415248
149	1.610696
150	0.961856
151	0.034651
152	1.023370
153	0.813734
154	-0.201499
155	0.586933
156	0.560165
157	1.082788
158	0.182183
159	0.265914
160	1.951385
161	1.169023
162	1.214947
163	0.318443
164	-0.519300
165	0.491218
166	0.805834
167	0.107971
168	0.061350
169	-0.012754
170	0.412450
171	-0.019205
172	0.413173
173	0.351519
174	0.181332
175	0.494666
176	2.481439
177	1.163080
178	0.632469
179	0.313899
180	-0.062353
181	-0.007701
182	-0.031334
183	-0.256681
184	-0.426178
185	-0.135900
186	0.640047
187	0.150629
188	0.516628
189	-0.186140
190	0.068351
191	0.044350
192	-0.001884
193	0.167111
194	0.748706
195	0.556698
196	0.594804
197	0.254693
198	0.097886
199	0.417485
200	1.137092
201	1.441188
202	0.529746
203	-0.371840
204	0.156492
205	0.659632
206	0.745911
207	-0.252184
208	0.063955
209	0.206470
210	0.084639
211	0.779730
212	0.253612
213	0.168372
214	0.485838
215	0.090773
216	-0.192828
217	0.602659
218	0.582552
219	3.480024
220	0.896943
221	1.203807
222	1.251550
223	-0.138013
224	0.238092
225	0.287955
226	-0.619414
227	-0.666728
228	0.855235
229	1.166620
230	-0.110625
231	0.212682
232	0.250922
233	0.746568
234	-0.094221
235	-0.054478
236	-0.008259
237	0.005468
238	0.043828
239	0.847400
240	0.364185
241	0.443990
242	0.033600
243	0.119021
244	0.088396
245	0.141550
246	0.410407
247	-999.000000
248	0.925567
249	0.097719
250	-0.143916
251	0.693628
252	0.089902
253	1.030520
254	-0.056685
255	0.070611
256	-0.141932
257	0.642017
258	0.686180
259	1.358067
260	0.625289
261	1.285273
262	-0.106865
263	0.358086
264	1.324706
265	0.405910
266	0.216044
267	1.027968
268	0.599499
269	-0.077333
270	0.165889
271	0.533858
272	-0.208535
273	0.372294
274	-0.410780
275	1.242975
276	0.863724
277	0.009150
278	4.182279
279	-0.238945
280	0.519265
281	-0.066945
282	-0.117164
283	-999.000000
284	1.176767
285	0.638212
286	1.669898
287	0.121765
288	0.000000
289	0.647165
290	-0.797677
291	0.150704
292	0.323862
293	0.647447
294	0.398721
295	-0.005014
296	0.207418
297	1.075325
298	-0.430821
299	-1.975686
300	-0.149909
301	-0.110351
302	-0.252170
303	0.911835
304	-0.205131
305	0.974612
306	-0.437619
307	0.000000
308	-0.639612
309	-0.017853
310	-0.046868
311	-0.026304
312	1.234735
313	-0.279412
314	-0.689263
315	-0.439223
316	1.464161
317	-0.150595
318	0.244869
319	0.546823
320	0.485076
321	-0.177418
322	-0.072671
323	0.905372
324	-0.141843
325	-0.329350
326	0.129553
327	-0.091602
328	-1.465265
329	0.173676
330	-999.000000
331	-0.399534
332	-0.586255
333	0.352052
334	-0.397305
335	0.480067
336	-0.404338
337	-0.141800
338	-0.091525
339	-0.262531
340	-999.000000
341	-0.611401
342	-0.073838
343	0.339869
344	-999.000000
345	-0.357093
346	0.000000
347	-999.000000
348	-0.110570
349	-999.000000
350	0.000000
351	-999.000000
352	-999.000000
353	-999.000000
354	0.000000
355	-999.000000
356	-0.022164
357	-999.000000
358	-999.000000
359	-999.000000
360	-999.000000
361	-999.000000
362	-999.000000
