1	
2	-1.768403
3	-0.438532
4	-3.493658
5	0.482249
6	1.174485
7	-0.063057
8	-0.760409
9	-0.749848
10	1.498611
11	-0.89373
12	0.125002
13	0.573182
14	-0.084747
15	0.584857
16	-0.743675
17	-0.105021
18	0.156974
19	2.174822
20	0.392842
21	0.381201
22	0.558502
23	0.296091
24	0.293024
25	0.239894
26	0.0251
27	0.208396
28	-0.164763
29	0.150937
30	0.080529
31	
32	2.051229
33	3.422373
34	0.72178
35	0.190482
36	0.382413
37	-0.114654
38	3.925012
39	-0.233989
40	-0.130322
41	0.08475
42	-0.247223
43	0.266367
44	0.404447
45	0.115696
46	-0.108626
47	-0.21151
48	1.014553
49	0.117509
50	0.965793
51	-0.091655
52	0.188906
53	0.16758
54	-0.043973
55	-0.283008
56	0.737534
57	0.362391
58	1.71823
59	0.40629
60	-0.231288
61	2.186932
62	2.22342
63	1.270969
64	1.656356
65	0.163529
66	-0.569548
67	-1.067549
68	1.143071
69	0.101318
70	0.797298
71	-0.292808
72	0.929083
73	0.093695
74	1.959606
75	1.740361
76	0.628873
77	0.414026
78	0.886719
79	0.29901
80	0.288632
81	0.508919
82	-0.163307
83	0.912982
84	-0.084148
85	0.225936
86	0.355859
87	0.728625
88	2.320884
89	0.570489
90	1.060005
91	1.814188
92	2.607297
93	-0.103098
94	3.870756
95	0.183533
96	0.465679
97	-0.025782
98	-0.036584
99	-0.054951
100	-0.155155
101	0.093689
102	0.282066
103	-0.084532
104	-0.076865
105	0.076899
106	0.401438
107	0.371169
108	-0.07275
109	0.202196
110	0.260966
111	0.322216
112	0.073729
113	-0.269067
114	0.240103
115	-0.039078
116	0.349688
117	-0.109483
118	-0.437036
119	-0.034621
120	0.40843
121	-0.037175
122	-0.021953
123	-0.014233
124	0.028412
125	0.322759
126	0.217883
127	0.388637
128	0.033661
129	0.408884
130	-0.378083
131	0.041067
132	0.276486
133	-0.02782
134	0.244816
135	-0.056938
136	0.410704
137	0.439816
138	0.567641
139	-0.010657
140	1.539473
141	0.448703
142	0.216739
143	0.22264
144	1.276568
145	1.314348
146	1.652547
147	0.990606
148	1.600923
149	3.338224
150	0.964256
151	0.562255
152	1.042135
153	0.951159
154	1.280631
155	0.401136
156	0.380567
157	-0.01225
158	-0.016755
159	0.318722
160	0.178704
161	0.826769
162	1.482197
163	1.315382
164	0.43526
165	-0.049398
166	0.274575
167	-0.111381
168	-0.040104
169	0.113348
170	0.508397
171	0.842257
172	0.141227
173	0.903737
174	0.396627
175	0.089785
176	1.369562
177	0.072637
178	0.114483
179	0.347379
180	0.517891
181	0.117033
182	0.078778
183	0.022929
184	0.052974
185	0.084652
186	0.468574
187	-0.014556
188	0.138649
189	-0.020254
190	0.779098
191	1.130178
192	0.828012
193	0.764635
194	0.612152
195	-0.001568
196	0.133907
197	
198	1.719167
199	2.276869
200	0.810854
201	0.077403
202	0.071071
203	0.027039
204	-0.031701
205	0.170973
206	0.117039
207	0.091312
208	0.242245
209	0.304972
210	0.822527
211	2.008088
212	0.074993
213	0.23692
214	2.191912
215	0.368342
216	0.714448
217	0.437699
218	0.725116
219	0.450622
220	2.386516
221	1.616427
222	1.73357
223	-0.058484
224	0.50534
225	-0.17519
226	0.014042
227	0.590576
228	1.359468
229	0.397972
230	-0.104886
231	-0.008903
232	0.088701
233	0.4237
234	0.033053
235	0.416991
236	0.562026
237	0.033209
238	0.547942
239	0.134322
240	0.874103
241	0.988413
242	0.368009
243	0.419244
244	0.635625
245	-0.020195
246	1.242921
247	0.186553
248	0.802221
249	0.765597
250	1.423669
251	1.130384
252	1.464585
253	-0.057884
254	0.022144
255	0.868811
256	0.176872
257	0.143009
258	-0.234595
259	-0.243811
260	0.04687
261	-0.073333
262	0.023107
263	0.271683
264	0.27242
265	1.117976
266	0.711461
267	0.255816
268	0.490406
269	1.741876
270	0.564331
271	0.104396
272	-0.058706
273	-0.035768
274	0.159191
275	0.075473
276	-0.078677
277	0.091005
278	0.748743
279	0.110397
280	0.725523
281	0.123059
282	0.736546
283	0.707141
284	0.130803
285	0.597144
286	0.667413
287	1.504743
288	0.986907
289	1.987004
290	0.169763
291	-0.311361
292	-0.032411
293	0.258706
294	-0.101266
295	-0.071989
296	0.177813
297	-0.014721
298	0.845546
299	0.619266
300	0.045476
301	0.425988
302	0.162386
303	2.110468
304	0.28776
305	0.900783
306	0.427643
307	0.111547
308	0.226565
309	0.088033
310	0.013032
311	0.132143
312	0.215316
313	0.106166
314	0.07105
315	0.165962
316	0.273601
317	0.911258
318	0.631391
319	0.18874
320	-0.006149
321	-0.236517
322	0.255059
323	0.41813
324	0.092051
325	0.095539
326	-0.081135
327	-0.177645
328	0.481959
329	0.749344
330	0.106855
331	-0.091441
332	0.684829
333	0.004765
334	0.293752
335	-0.085287
336	1.284114
337	0.427702
338	-0.122711
339	0.227108
340	0.263149
341	0.148588
342	1.107409
343	0.198615
344	1.281357
345	0.16885
346	0.063642
347	1.329871
348	-0.157636
349	0.054166
350	0.080705
351	0.156866
352	-0.121665
353	0.09752
354	0.316515
355	0.186087
356	0.823702
357	0.013606
358	0.094042
359	-0.062554
360	0.143046
361	0.426356
362	0.00162
363	0.074128
364	-0.048903
365	-0.026032
366	0.023849
367	0.160558
368	0.194722
369	-0.079677
370	0.067833
371	-0.987605
372	-0.081087
373	2.197172
374	-0.281362
375	-0.132718
376	-0.001969
377	0.253948
378	0.057904
379	0.007658
380	0.806745
381	0.219074
382	
383	
