1	-4
2	-4
3	-4
4	-4
5	-4
6	-4
7	-4
8	0.27526
9	-4
10	0.3096333333
11	0.3313223333
12	0.0893313333
13	0.070568
14	0.599474
15	0.2790016667
16	0.7154803333
17	0
18	0.3940645
19	0.4853886667
20	0.35439
21	0.901119
22	0.578634
23	0.6286063333
24	0.5625715
25	0.1616596667
26	0
27	0.565714
28	0.3214686667
29	0.163736
30	0
31	0
32	0.255944
33	0.361844
34	0.0385185
35	0.085037
36	0
37	0.0902516667
38	0.2754013333
39	1.3016216667
40	0.9788766667
41	0.4208996667
42	0.983591
43	0.307131
44	0.089788
45	0
46	0
47	0
48	0
49	-4
50	0
51	0.191314
52	1.0101683333
53	1.114874
54	0.2292835
55	0.024985
56	0.278181
57	0.345343
58	0.098159
59	-4
60	0
61	-4
62	0
63	0
64	0.1068005
65	0.5410813333
66	0
67	-4
68	1.2151786667
69	0.2979125
70	0
71	-4
72	-4
73	-4
74	-4
75	-4
76	-4
77	-4
78	-4
79	-4
80	-4
81	-4
82	-4
83	-4
84	-4
