1	0.628768
2	-1.696933
3	0.625169
4	-0.121503
5	-0.267384
6	-0.021552
7	0.181421
8	-0.293083
9	-0.626762
10	0.748935
11	-0.458268
12	0.261333
13	0.105984
14	-0.069548
15	0.565667
16	-0.046045
17	-1.278452
18	-0.361311
19	-0.371745
20	0.103879
21	0.1696
22	0.82905
23	0.035326
24	0.266289
25	0.157821
26	-0.278871
27	0.984435
28	1.978822
29	1.189033
30	1.860317
31	0.274416
32	0.199567
33	-0.85874
34	0.803355
35	0.10384
36	0.128565
37	-0.283516
38	0.403793
39	0.039275
40	0.093536
41	-0.05349
42	-0.038619
43	0.394454
44	0.810891
45	0.788564
46	0.390109
47	0.91301
48	1.106745
49	-0.334897
50	3.089752
51	-0.464391
52	-0.063878
53	-0.222039
54	0.047594
55	-0.33476
56	-0.92523
57	-0.145777
58	0.020535
59	0.331324
60	-0.150636
61	-0.1852
62	0.123147
63	-2.20434
64	0.513009
65	0.516883
66	1.538806
67	0.654975
68	1.598742
69	-1.946754
70	0.454424
71	1.129673
72	0.729426
73	0.14363
74	0.305725
75	0.151904
76	1.094752
77	0.702369
78	1.920922
79	0.66799
80	0.068129
81	1.691886
82	0.051493
83	2.566176
84	1.010839
85	2.788335
86	-0.695857
87	0.453452
88	0.645033
89	1.081096
90	2.137835
91	0.271996
92	0.850475
93	-0.376433
94	-0.273973
95	-0.781204
96	-0.415633
97	0.091769
98	-0.07728
99	0.688474
100	-0.074131
101	0.209533
102	-0.670012
103	0.202489
104	0.008197
105	0.289167
106	-1.335896
107	0.266488
108	0.076587
109	-0.074387
110	-0.319052
111	-0.475272
112	
