1	
2	0.407741
3	0.25596
4	-0.189692
5	-0.29988
6	0.223392
7	-0.600707
8	0.038387
9	
10	-0.625234
11	-0.607782
12	0.383749
13	0.155221
14	0.075053
15	1.938109
16	0.490888
17	-1.017687
18	0.32702
19	0.256866
20	0.403266
21	0.391824
22	-0.382155
23	-0.197865
24	-0.069883
25	0.33068
26	0.267318
27	3.711482
28	0.25875
29	0.582263
30	0.114091
31	0.389646
32	-0.226606
33	0.198557
34	0.812629
35	0.159913
36	0.471222
37	0.661236
38	0.071909
39	1.108817
40	-0.154363
41	0.810905
42	-0.097153
43	0.750381
44	-0.128439
45	0.231096
46	0.304964
47	0.194797
48	-0.066073
49	0.122439
50	0.248027
51	0.360161
52	0.36114
53	0.112808
54	0.745864
55	0.670634
56	0.087394
57	0.939042
58	0.091729
59	2.023149
60	1.307168
61	0.253755
62	1.241714
63	1.19461
64	0.542971
65	0.483395
66	-0.041323
67	0.555554
68	0.113933
69	0.159321
70	0.87673
71	0.521504
72	0.723875
73	0.539042
74	0.501203
75	-0.10127
76	0.219142
77	0.179545
78	1.68974
79	1.113746
80	1.158974
81	1.567572
82	-0.043012
83	0.879013
84	0.715676
85	0.50063
86	0.241492
87	0.463537
88	0.096295
89	0.336703
90	0.170239
91	0.228635
92	2.938654
93	1.86043
94	1.261938
95	0.240173
96	0.972493
97	0.442656
98	0.266766
99	0.120955
100	0.316272
101	0.659263
102	0.152013
103	0.97664
104	0.154352
105	2.43834
106	0.578187
107	0.342986
108	0.307382
109	0.740789
110	0.609619
111	0.055745
112	0.54543
113	0.780082
114	0.293203
115	0.308542
116	1.862591
117	1.652179
118	1.36703
119	-0.729956
120	0.174534
121	0.301632
122	0.960047
123	0.546919
124	2.241713
125	-0.08654
126	0.325805
127	-0.2246
128	0.312345
129	0.330129
130	0.549926
131	0.357974
132	2.701162
133	1.403568
134	0.625329
135	1.222256
136	0.60473
137	0.81625
138	0.357256
139	0.629396
140	0.32625
141	0.283887
142	-0.101914
143	0.468287
144	1.533217
145	0.670797
146	0.551428
147	-0.083705
148	-0.038668
149	0.422941
150	0.297929
151	0.371884
152	0.29796
153	0.006501
154	-0.02494
155	0.078042
156	2.017864
157	0.243454
158	0.235852
159	0.140516
160	0.25607
161	0.179782
162	-0.093075
163	3.717071
164	2.398653
165	0.191475
166	1.003992
167	0.050812
168	0.109629
169	0.414404
170	0.446532
171	-0.253557
172	0.604729
173	0.310203
174	0.024902
175	-0.086641
176	0.250075
177	0.649061
178	0.643336
179	-0.275617
180	1.156182
181	0.869876
182	0.289697
183	-0.166188
184	0.241321
185	-0.142256
186	-0.184276
187	0.641909
188	2.747848
189	1.336329
190	0.284068
191	2.699102
192	0.519406
193	0.525614
194	1.548809
195	0.90099
196	1.069763
197	2.017117
198	1.291329
199	0.162052
200	0.264383
201	0.338568
202	0.405019
203	0.524994
204	0.73485
205	0.303519
206	1.122932
207	0.080445
208	0.095012
209	0.024944
210	0.010598
211	0.274457
212	0.044498
213	-0.149834
214	0.068612
215	-0.030109
216	0.097157
217	0.275496
218	0.333741
219	0.693192
220	-0.011784
221	0.293768
222	-0.14308
223	
224	
225	-0.385387
226	0.035446
227	-0.186622
228	-0.009766
229	-0.148263
230	-0.068368
231	0.213473
232	-0.125891
233	-0.048459
234	0.020208
235	-0.040499
236	-0.050402
237	-0.018997
238	-0.025559
239	-0.055159
240	-0.083053
241	-0.12869
242	0.610678
243	0.181682
244	
245	
