1	0.504316
2	-0.178179
3	-0.388958
4	-0.17868
5	3.636474
6	-0.208594
7	-1.226379
8	-4
9	-0.178923
10	-0.550279
11	-0.303941
12	0.533558
13	-0.183353
14	0.039507
15	0.965128
16	0.456636
17	0.312004
18	-0.319501
19	0.165505
20	0.729383
21	0.226873
22	0.452913
23	0.910396
24	0.755497
25	0.536226
26	1.372654
27	2.085343
28	0.644024
29	1.766896
30	1.301641
31	1.134481
32	0.100419
33	1.909748
34	2.030117
35	0.655301
36	0.510216
37	0.35657
38	1.015669
39	0.290151
40	1.722637
41	1.06437
42	0.171198
43	0.857323
44	-0.136145
45	0.357763
46	-0.000898
47	0.507858
48	0.201726
49	0.697517
50	0.663511
51	0.558425
52	0.175685
53	1.202768
54	0.935994
55	0.8929
56	-0.003826
57	0.067994
58	0.385336
59	0.831281
60	1.888402
61	2.446853
62	-0.210927
63	1.480911
64	0.972507
65	-0.045026
66	0.197666
67	-0.448459
68	0.044158
69	0.097368
70	-0.279279
71	0.52384
72	-0.026016
73	0.334407
74	0.873455
75	0.046371
76	1.32272
77	0.147917
78	0.576348
79	0.142572
80	0.127665
81	0.738475
82	0.38583
83	-0.118566
84	0.268425
85	0.059782
86	-0.042196
87	0.181027
88	0.355954
89	-0.511008
90	0.052462
91	-0.275654
92	0.657146
93	-0.062498
94	0.260104
95	0.392348
96	0.844628
97	0.164673
98	0.498171
99	0.050802
100	0.052162
101	0.519119
102	0.112413
103	-1.120683
104	0.396687
105	0.243615
106	0.390468
107	1.088035
108	0.014984
109	0.060278
110	0.540825
111	0.283507
112	0.818478
113	0.901059
114	0.889583
115	0.576323
116	1.813203
117	0.916695
118	0.841981
119	0.489673
120	-4
