1	0.05216
2	0.289528
3	-0.137907
4	-0.171873
5	-1.091694
6	0.44296
7	-1.356111
8	0.659021
9	
10	0.51846
11	0.771197
12	0.06874
13	0.006914
14	0.051982
15	0.283111
16	0.163238
17	0.398889
18	2.62507
19	-0.053694
20	0.077005
21	0.020825
22	0.007728
23	0.001653
24	0.024132
25	-0.049489
26	0.023225
27	0.104714
28	0.471289
29	0.078235
30	0.179919
31	-0.054866
32	0.096108
33	0.049294
34	0.746379
35	0.5145
36	0.02585
37	0.319929
38	1.071882
39	0.555797
40	1.481137
41	-0.000686
42	-0.03753
43	-0.02599
44	-0.01987
45	-0.099752
46	0.284048
47	0.003157
48	0.143976
49	-0.115713
50	-0.141058
51	-0.107759
52	-0.018757
53	-0.013393
54	0.026119
55	0.292238
56	-0.012586
57	-0.053031
58	0.545406
59	1.109926
60	2.102879
61	2.233034
62	2.90597
63	1.703763
64	0.00403
65	-0.008911
66	0.219806
67	0.140593
68	-0.043769
69	-0.149057
70	0.048962
71	-0.174083
72	0.122411
73	-0.040717
74	-0.004094
75	0.040108
76	0.2085
77	0.334966
78	0.172816
79	0.035937
80	0.201691
81	0.198783
82	0.545703
83	0.484956
84	0.107557
85	-0.073308
86	-0.500615
87	0.347542
88	2.341276
89	0.485169
90	0.137274
91	0.519107
92	0.250838
93	0.030658
94	0.300317
95	0.77904
96	5.091833
97	1.970929
98	0.93515
99	0.033698
100	0.374423
101	0.132803
102	0.206494
103	0.12687
104	1.263269
105	0.251204
106	-0.020744
107	0.226928
108	0.192812
109	0.730557
110	1.674705
111	0.44534
112	0.479723
113	1.084677
114	0.528275
115	0.118246
116	0.115549
117	0.04861
118	0.136607
119	0.274405
120	0.386417
121	1.084211
122	0.052893
123	0.262856
124	0.074818
125	1.128297
126	0.475967
127	0.066092
128	1.347101
129	0.026217
130	0.124136
131	-0.059467
132	0.596089
133	-0.035306
134	1.311067
135	0.338505
136	0.9468
137	0.352446
138	0.291256
139	0.44746
140	0.829949
141	0.129483
142	0.836476
143	0.416396
144	-0.07759
145	0.041974
146	-0.009644
147	0.130801
148	-0.055794
149	0.095977
150	-0.11259
151	0.129521
152	0.119225
153	0.084896
154	0.099425
155	0.27478
156	-0.03045
157	0.110162
158	0.135314
159	0.944386
160	0.092194
161	0.204576
162	1.365032
163	0.318907
164	0.726674
165	0.395567
166	0.114773
167	0.358401
168	-0.021257
169	0.335926
170	-0.060893
171	0.154036
172	0.249041
173	0.552245
174	0.280728
175	0.028614
176	-0.04409
177	0.173499
178	0.423729
179	0.319528
180	0.659958
181	0.144797
182	0.167035
183	0.223228
184	0.697451
185	0.070272
186	1.016433
187	0.007393
188	1.829031
189	1.088956
190	1.152596
191	0.807338
192	0.13229
193	0.065457
194	1.123563
195	0.763261
196	-0.059839
197	1.071306
198	0.120308
199	0.22273
200	0.661727
201	1.800208
202	0.335568
203	0.627708
204	0.384626
205	0.128945
206	0.564318
207	0.349126
208	1.309407
209	0.674666
210	0.227235
211	1.439682
212	0.020573
213	0.023903
214	0.215602
215	0.165905
216	0.123909
217	-0.041692
218	0.178448
219	1.011437
220	0.842169
221	1.687043
222	0.620508
223	1.821848
224	0.121542
225	0.620467
226	0.751414
227	0.452107
228	1.666868
229	0.447812
230	0.538357
231	0.162816
232	0.061905
233	0.482973
234	0.175044
235	-0.015101
236	0.044213
237	0.3652
238	0.13961
239	0.052784
240	-0.009123
241	0.512619
242	0.425536
243	0.798542
244	1.135146
245	0.385562
246	1.300749
247	0.424712
248	0.125108
249	0.336354
250	1.549406
251	0.104732
252	1.115646
253	0.952554
254	0.612629
255	0.462408
256	0.128704
257	0.037239
258	1.331949
259	1.365413
260	3.075375
261	0.4063
262	0.025115
263	0.358862
264	0.191595
265	0.0459
266	0.12764
267	0.07101
268	0.208299
269	0.457
270	0.187688
271	0.242989
272	0.534765
273	0.684016
274	0.485609
275	-0.06799
276	0.916234
277	-0.097369
278	0.149544
279	0.064445
280	-0.06799
281	0.108958
282	0.130821
283	0.401481
284	1.142308
285	0.757471
286	0.285313
287	-0.035094
288	0.70919
289	0.156519
290	1.064966
291	0.204281
292	0.987078
293	0.177365
294	0.006512
295	0.125731
296	0.306476
297	0.486321
298	0.689629
299	0.395055
300	0.048377
301	1.178921
302	1.116504
303	0.749686
304	0.611555
305	0.079888
306	-0.024697
307	0.142032
308	0.687137
309	0.196709
310	0.137753
311	-0.050095
312	-0.067
313	1.479992
314	0.019698
315	0.812883
316	0.612833
317	0.148436
318	1.16072
319	0.352357
320	-0.085697
321	0.607631
322	0.643887
323	1.136663
324	1.287615
325	0.221745
326	0.290047
327	0.411837
328	0.555237
329	0.384479
330	0.237253
331	0.503682
332	0.339772
333	0.397819
334	0.269783
335	0.084147
336	0.329454
337	-0.119646
338	0.811136
339	-0.070162
340	2.156396
341	0.057363
342	0.279314
343	0.907346
344	-0.039935
345	2.07777
346	0.031196
347	1.329269
348	0.047127
349	0.240735
350	0.629104
351	2.352733
352	0.090147
353	0.454882
354	0.560252
355	0.934776
356	0.140296
357	0.527937
358	1.137431
359	1.647778
360	0.112235
361	0.131116
362	0.166998
363	-0.009185
364	0.054636
365	-0.104053
366	0.065758
367	0.205418
368	0.231534
369	0.238562
370	1.171809
371	1.605541
372	1.455232
373	1.499703
374	1.96045
375	0.376247
376	0.145923
377	2.715621
378	0.384732
379	0.587945
380	0.736189
381	0.675015
382	0.194078
383	-0.018328
384	0.05994
385	-0.098789
386	0.342438
387	0.462422
388	0.617889
389	0.393205
390	0.060791
391	0.064333
392	0.062122
393	0.021065
394	1.146586
395	1.742663
396	0.848616
397	0.000177
398	0.042956
399	0.561627
400	0.791206
401	0.155928
402	0.282004
403	-0.000962
404	-0.00477
405	0.12857
406	-0.003922
407	0.107484
408	0.216388
409	0.86312
410	1.043561
411	1.332415
412	0.579194
413	2.000228
414	0.138366
415	0.921713
416	0.164434
417	2.245525
418	1.404279
419	1.278454
420	2.305161
421	2.233122
422	0.017696
423	0.337322
424	1.146788
425	1.156106
426	0.688971
427	1.438803
428	0.257352
429	0.035676
430	0.035471
431	0.075122
432	-0.045437
433	-0.136298
434	0.343705
435	0.164581
436	0.003757
437	-0.006316
438	0.043832
439	0.264461
440	0.409235
441	0.062018
442	-0.149208
443	0.172762
444	1.20259
445	0.01393
446	0.0407
447	-0.051885
448	-0.013836
449	0.64677
450	0.146685
451	1.506932
452	0.029987
453	0.026208
454	2.717977
455	0.196344
456	0.53924
457	0.247161
458	0.252452
459	-0.118566
460	0.118719
461	0.375964
462	0.033833
463	-0.011996
464	-0.071199
465	0.047725
466	-0.03082
467	-0.018661
468	0.073398
469	0.176273
470	-0.023839
471	0.018063
472	0.023535
473	-0.033624
474	-0.088576
475	-0.082863
476	-0.125939
477	0.040026
478	-0.057369
479	-0.015775
480	0.009803
481	0.009709
482	-0.012075
483	
