1	-0.25338
2	-0.008184
3	1.96986
4	-1.061552
5	1.557331
6	0.399757
7	-0.103532
8	0.767286
9	-999
10	0.773909
11	4.732852
12	0.325822
13	0.009141
14	0.132985
15	-0.115284
16	0.00916
17	0.184869
18	-4.418839
19	-0.052527
20	-0.160003
21	0.274629
22	0.179884
23	0.190379
24	0.094503
25	0.109891
26	0.318394
27	0.320971
28	2.192074
29	0.018882
30	0.628303
31	0.224089
32	0.334481
33	0.250486
34	-1.275451
35	-0.011834
36	1.769235
37	0.073498
38	1.129733
39	-0.129952
40	0.520395
41	0.971881
42	0.899659
43	0.289993
44	-0.014617
45	1.407729
46	0.245827
47	0.239167
48	2.53792
49	1.227784
50	0.531972
51	1.79586
52	-0.086822
53	0.987989
54	0.701965
55	1.454097
56	0.302493
57	-0.348067
58	-0.116672
59	0.510651
60	0.3017
61	0.011734
62	1.364097
63	0.756514
64	-0.459701
65	0.490541
66	0.437595
67	0.280603
68	0.390975
69	0.54689
70	0.235371
71	0.288021
72	0.401343
73	0.690132
74	0.107667
75	0.397708
76	0.199199
77	0.165244
78	0.234054
79	0.189068
80	2.260046
81	0.97437
82	0.729478
83	0.180343
84	1.039415
85	0.018325
86	0.010371
87	0.878801
88	0.317691
89	0.108077
90	0.283661
91	0.252826
92	0.150203
93	1.297771
94	0.283921
95	1.137219
96	0.738356
97	0.470684
98	-0.020669
99	0.442027
100	-0.023054
101	0.802532
102	1.361803
103	0.917324
104	0.469589
105	1.837448
106	0.772307
107	1.912419
108	0.16587
109	0.105799
110	0.464034
111	1.188097
112	0.133671
113	0.479457
114	-0.052093
115	-0.07741
116	-0.241953
117	-0.137268
118	0.024655
119	-0.021204
120	-0.063558
121	-0.042008
122	0.172714
123	-0.071898
124	0.209354
125	0.127096
126	0.76049
127	1.154721
128	0.527272
129	0.639
130	-0.052225
131	-0.01296
132	0.026307
133	-0.04592
134	0.008097
135	0.487876
136	1.282398
137	0.090052
138	-0.048106
139	0.021756
140	-0.101979
141	0.478161
142	0.529727
143	2.775421
144	2.099793
145	0.828968
146	0.454211
147	0.21707
148	0.133752
149	0.490639
150	0.402117
151	0.670526
152	-0.12821
153	1.033786
154	1.57638
155	0.094352
156	0.579017
157	0.612744
158	0.454914
159	0.951504
160	0.338674
161	1.473499
162	0.496361
163	-0.046616
164	0.175446
165	0.040578
166	0.131086
167	0.098652
168	0.46207
169	0.016126
170	-0.136615
171	0.183583
172	1.091805
173	0.026872
174	0.133523
175	-0.029409
176	0.255736
177	0.224556
178	-0.025037
179	-0.032061
180	0.150122
181	-0.090276
182	0.295331
183	0.063068
184	1.48228
185	0.940604
186	0.133764
187	-0.150877
188	0.775905
189	0.515526
190	0.323992
191	0.276299
192	0.100333
193	-0.089066
194	-0.015995
195	0.003225
196	0.935533
197	0.217326
198	0.200383
199	-0.01516
200	0.214076
201	0.025846
202	0.544409
203	-0.128847
204	0.146627
205	0.888162
206	0.387189
207	0.713942
208	0.064129
209	1.14615
210	0.083219
211	0.129603
212	0.195055
213	0.138397
214	0.561039
215	0.300486
216	0.089326
217	0.045003
218	0.041663
219	-0.067543
220	0.107629
221	0.090501
222	1.237021
223	-0.087178
224	0.045495
225	0.201826
226	0.12134
227	0.930743
228	0.314794
229	0.596041
230	0.806204
231	0.224352
232	0.025193
233	1.139573
234	1.026146
235	1.386833
236	1.8063
237	1.03213
238	1.755603
239	2.406386
240	1.560785
241	1.965656
242	0.642263
243	0.998776
244	0.652716
245	0.150527
246	1.232231
247	1.989998
248	0.32275
249	0.160068
250	0.496059
251	0.57889
252	1.33141
253	2.623931
254	0.719227
255	1.419494
256	0.773997
257	0.191038
258	0.552586
259	0.343549
260	0.11317
261	0.649148
262	0.139948
263	1.077707
264	0.187182
265	0.869979
266	2.942188
267	0.109282
268	0.032612
269	0.131937
270	0.157119
271	0.399408
272	0.839277
273	0.117556
274	0.093378
275	0.111639
276	0.350084
277	0.099179
278	0.271051
279	0.623636
280	0.133858
281	0.074116
282	0.155024
283	0.644503
284	0.056519
285	0.314334
286	0.401517
287	0.52633
288	0.699982
289	-0.002994
290	1.265331
291	1.566318
292	1.647062
293	1.1951
294	0.538747
295	0.556458
296	0.314893
297	0.836322
298	0.042679
299	0.278656
300	0.174625
301	0.144024
302	0.494682
303	0.161137
304	0.048649
305	0.670924
306	0.103503
307	0.275717
308	0.048308
309	0.179323
310	0.086545
311	0.611339
312	1.816131
313	0.033102
314	0.030736
315	0.189039
316	-0.094064
317	0.360323
318	0.384284
319	0.484314
320	0.037398
321	0.176577
322	0.68585
323	0.339034
324	1.813331
325	0.057002
326	-0.025212
327	0.108574
328	0.138048
329	0.013682
330	-0.018663
331	0.501241
332	0.533807
333	0.886618
334	1.211095
335	0.673808
336	1.182789
337	0.834005
338	0.114232
339	-0.122223
340	-0.219521
341	0.889873
342	0.042592
343	2.387013
344	0.788451
345	-0.066694
346	0.091189
347	0.033306
348	0.109127
349	1.10595
350	0.989871
351	0.243885
352	0.173479
353	0.180778
354	0.935085
355	1.947251
356	0.051523
357	0.074543
358	0.075665
359	-0.135268
360	0.025525
361	0.29622
362	2.078699
363	0.303025
364	1.195904
365	0.94228
366	2.830115
367	0.468164
368	0.760845
369	-0.060004
370	0.252618
371	0.32642
372	0.205768
373	-0.030283
374	0.053757
375	0.232824
376	0.16566
377	-0.1264
378	0.948538
379	-0.002833
380	0.119464
381	0.3969
382	0.318707
383	0.305296
384	0.134654
385	-0.078409
386	0.338288
387	0.698887
388	1.445943
389	0.240124
390	0.140987
391	-0.04734
392	0.201344
393	-0.015197
394	0.093246
395	0.123929
396	0.272217
397	0.099876
398	-0.053436
399	0.193379
400	0.395708
401	0.013572
402	0.20274
403	-0.059425
404	0.738627
405	0.332461
406	0.24334
407	-0.068571
408	0.004423
409	0.009203
410	-0.151243
411	-0.086563
412	0.077551
413	0.017161
414	-0.106047
415	0.554806
416	0.142786
417	0.052301
418	0.029105
419	-0.014344
420	0.300533
421	-0.118305
422	-0.111564
423	-0.135688
424	-0.135962
425	-0.145765
426	-0.025585
427	0.140578
428	-0.178302
429	-0.230966
430	-0.02224
431	-0.165027
432	-999
433	0.230376
434	-0.006315
435	-0.115746
