1	-0.010447
2	-0.581331
3	-0.561501
4	-0.156636
5	0.231329
6	-0.048596
7	-0.848234
8	
9	0.57718
10	0.077015
11	-0.204323
12	-0.313335
13	-0.186943
14	-0.208367
15	-0.165823
16	0.22321
17	-0.566382
18	-0.250781
19	-0.154329
20	-0.192677
21	-0.088741
22	-0.071302
23	-0.185586
24	0.30883
25	-0.037654
26	0.341782
27	0.333977
28	0.17892
29	1.491029
30	0.706105
31	0.763635
32	0.166566
33	0.210909
34	0.008873
35	2.059423
36	-0.244828
37	0.148334
38	1.360285
39	1.285158
40	4.289193
41	1.232231
42	0.196333
43	1.693709
44	-0.088723
45	-0.993318
46	0.059078
47	0.744611
48	-0.137132
49	-0.010568
50	1.028017
51	0.55929
52	1.494305
53	1.122184
54	0.92766
55	0.981831
56	-0.267093
57	0.200359
58	-0.036964
59	0.709792
60	2.874019
61	2.255673
62	0.189837
63	0.880441
64	1.874036
65	0.129343
66	0.38514
67	0.045507
68	0.330223
69	0.12403
70	-0.336415
71	1.287723
72	0.385256
73	0.182755
74	0.600136
75	0.072129
76	1.695748
77	0.28233
78	0.649505
79	0.32795
80	-0.067855
81	2.843425
82	0.172039
83	-0.100754
84	0.126634
85	0.078395
86	-0.040404
87	0.123889
88	0.521461
89	0.06696
90	-0.076728
91	-0.192605
92	0.890274
93	1.29074
94	0.359176
95	1.006536
96	1.137423
97	0.204221
98	0.276458
99	0.008072
100	0.052847
101	0.291766
102	0.036949
103	-0.326556
104	-0.03934
105	0.460768
106	0.023625
107	0.023752
108	0.161346
109	-0.308428
110	-0.286295
111	-0.105334
112	-0.020984
113	-0.408761
114	0.101721
115	0.045607
116	-0.33616
117	0.093428
118	0.001055
119	0.199756
120	
