1	0.171948
2	-0.071246
3	-0.191758
4	-0.165113
5	0.214229
6	0.033608
7	-0.37164
8	-0.215215
9	-0.010635
10	0.323809
11	0.305386
12	0.098079
13	0.255416
14	0.057052
15	2.308837
16	0.264125
17	-0.411806
18	0.398976
19	0.41096
20	0.430628
21	-0.103938
22	-0.256346
23	0.960244
24	0.616563
25	3.660514
26	-0.658125
27	1.068686
28	0.684003
29	0.529177
30	0.470097
31	0.05326
32	-0.138378
33	0.530129
34	1.116603
35	-0.142814
36	1.552058
37	0.090978
38	0.207573
39	-0.227295
40	0.149994
41	0.014236
42	4.597446
43	0.688172
44	0.942973
45	3.386862
46	2.195709
47	4.615609
48	6.366708
49	2.101862
50	1.024788
51	0.76436
52	-0.144558
53	0.210914
54	-0.325001
55	0.181781
56	-0.392567
57	0.672236
58	-1.126665
59	0.155592
60	0.122673
61	0.886422
62	0.39376
63	0.32136
64	-0.071782
65	-0.336003
66	0.28945
67	0.07177
68	0.016379
69	-0.044437
70	0.334706
71	0.034279
72	-0.659134
73	0.152847
74	0.109428
75	0.211596
76	0.818508
77	0.865357
78	2.458464
79	0.548703
80	1.779361
81	2.019294
82	0.432085
83	0.673133
84	0.386828
85	-0.021168
86	0.438351
87	0.081707
88	0.086693
89	0.054339
90	0.170124
91	-1.444713
92	0.552447
93	0.355676
94	-0.390297
95	0.181311
96	-0.705769
97	-0.028881
98	0
99	0.157316
100	0.159577
101	-0.016753
102	-0.443315
103	
