1	-0.450953
2	-0.215616
3	0.116237
4	-0.936087
5	0
6	1.003041
7	-0.473583
8	-0.609067
9	-0.977349
10	-0.275227
11	0
12	-0.149548
13	-0.591176
14	3.869752
15	-0.080132
16	0.203087
17	-0.193763
18	-1.418271
19	0.18705
20	-0.185691
21	0.152313
22	0.420462
23	0.703217
24	0.424472
25	0.698816
26	-0.772308
27	0.679963
28	1.366472
29	-0.249098
30	0.679068
31	1.024991
32	0.185076
33	0.488102
34	1.46955
35	0.927963
36	0.141375
37	0.988117
38	0.110937
39	1.352427
40	0.110047
41	1.061794
42	1.331743
43	-0.047834
44	-0.26542
45	-0.107013
46	1.16875
47	-0.336472
48	2.339935
49	2.719704
50	0.101138
51	4.164087
52	0.840308
53	1.289891
54	0.204817
55	-0.280953
56	-0.272561
57	0.571423
58	1.385442
59	0.433971
60	-0.380565
61	0.181181
62	0.871354
63	0.680833
64	1.815794
65	0.632211
66	-0.066483
67	0.311623
68	0.042288
69	0.156011
70	0.54294
71	-0.012295
72	0.407156
73	-0.039001
74	0.209014
75	0.595619
76	-0.041998
77	0.40481
78	0.305547
79	0.126734
80	1.498292
81	0.394272
82	0.330717
83	0.299705
84	1.062388
85	0.463967
86	0.413141
87	0.090073
88	0.463766
89	0.485421
90	0.369523
91	0.281147
92	0.070155
93	0.995669
94	0.216883
95	0.233462
96	0.577766
97	0.537958
98	0.000187
99	1.132846
100	-0.577561
101	0.323282
102	0.711522
103	1.143748
104	0.232655
105	1.467367
106	0.32092
107	1.050493
108	0.363876
109	0.502582
110	1.13036
111	0.748829
112	0.225102
113	-0.030589
114	-0.556111
115	0.219942
116	0.264997
117	-0.279195
118	-0.363026
119	-0.05263
120	0.223569
121	0.063648
122	0.349027
123	-0.032019
124	0.701821
125	0.229808
126	1.31459
127	0.424819
128	0.279344
129	0.396365
130	0.334107
131	0.180188
132	-0.014825
133	0.165619
134	0.173843
135	0.531796
136	-0.068695
137	0.172247
138	-0.180826
139	-0.216073
140	0.104048
141	0.819842
142	0.790764
143	3.894609
144	1.365887
145	0.827729
146	0.578091
147	0.439709
148	0.293978
149	0.672632
150	0.281585
151	1.247375
152	0.731479
153	0.710348
154	1.453657
155	-0.036728
156	0.718827
157	0.49404
158	0.959332
159	0.475676
160	0.451598
161	0.907764
162	0.335559
163	0.384721
164	0.242797
165	-0.004555
166	0.059236
167	0.690312
168	0.810645
169	-0.082117
170	-0.076769
171	0.352215
172	0.706662
173	-0.062584
174	0.470617
175	-0.037597
176	0.266909
177	0.198407
178	-0.144811
179	0.215103
180	0.554805
181	-0.215962
182	0.495106
183	-0.661915
184	1.707615
185	0.999057
186	0.33044
187	0.163798
188	0.802977
189	0.83852
190	0.250848
191	0.318221
192	0.22847
193	-0.221133
194	0.37534
195	0.038332
196	0.589475
197	0.625323
198	-0.030639
199	-0.183127
200	0.374376
201	0.433657
202	0.988324
203	0.44614
204	0.804612
205	0.757579
206	0.551753
207	0.336271
208	0.395064
209	0.628243
210	0.446887
211	-0.018993
212	1.081565
213	0.793836
214	0.566288
215	1.250297
216	0.332383
217	0.096605
218	0.269758
219	0.21553
220	-0.022065
221	0.433324
222	0.432264
223	-0.041615
224	0.234363
225	0.342436
226	-0.15365
227	0.602743
228	0.457251
229	0.338116
230	0.838827
231	0.432259
232	-0.132679
233	0.862438
234	0.816625
235	0.771043
236	1.184441
237	1.251021
238	0.995943
239	1.945534
240	1.805338
241	2.282049
242	0.680255
243	1.28902
244	0.437521
245	-0.005038
246	1.084891
247	2.095115
248	0.135641
249	1.670823
250	0.630992
251	0.251514
252	1.2565
253	2.418727
254	0.468642
255	0.810807
256	0.522156
257	0.599755
258	0.691115
259	0.712925
260	0.427665
261	0.464925
262	0.292182
263	1.210505
264	-0.061181
265	1.325408
266	1.150132
267	0.458089
268	-0.073448
269	0.291344
270	0.59459
271	0.626619
272	1.532292
273	0.138204
274	0.365289
275	0.172241
276	0.517824
277	0.373375
278	0.624154
279	0.798849
280	0.910701
281	0.146404
282	0.459732
283	0.633554
284	0.527393
285	0.643579
286	0.286676
287	0.596129
288	0.651871
289	0.293511
290	3.483984
291	1.412834
292	0.740144
293	1.382591
294	0.302067
295	0.64694
296	0.621087
297	0.843589
298	0.317201
299	0.227911
300	0.262594
301	0.210383
302	0.369207
303	0.34497
304	0.424922
305	0.418553
306	0.067379
307	0.349765
308	0.066358
309	0.606868
310	0.395556
311	0.634695
312	0.59663
313	0.255219
314	-0.325568
315	0.498708
316	0.435344
317	0.301534
318	0.452746
319	0.102015
320	0.167637
321	0.457689
322	1.841237
323	0.671683
324	0.648199
325	0.059967
326	-0.053303
327	0.178112
328	0.271238
329	0.07402
330	-0.354847
331	0.866486
332	0.638963
333	0.572853
334	0.991657
335	0.338824
336	1.065196
337	0.408988
338	0.536929
339	-0.020156
340	-0.199959
341	1.1085
342	0.127555
343	1.388471
344	0.778464
345	-0.17583
346	0.112795
347	0.071192
348	0.29709
349	0.766599
350	1.027544
351	0.406026
352	0.455842
353	0.415294
354	1.047617
355	1.490745
356	0.094616
357	0.05451
358	0.372293
359	-0.054902
360	-0.150834
361	-0.13272
362	1.637782
363	0.68107
364	0.920939
365	1.54036
366	1.478498
367	0.668454
368	1.750145
369	-0.857731
370	0.667267
371	-0.021798
372	0.438624
373	-0.788116
374	0.519682
375	-0.004928
376	0.209951
377	-1.092662
378	1.897997
379	-0.509543
380	-0.38402
381	0.41092
382	0.162771
383	0.364004
384	-0.000339
385	-0.754305
386	0.557318
387	0.304793
388	1.444578
389	0.290486
390	0.591524
391	0.00403
392	0.057449
393	0.10426
394	0.57381
395	0.028757
396	0.62142
397	0.19171
398	-0.350786
399	0.362741
400	0.522549
401	0.063198
402	0.185177
403	-0.066944
404	0.922911
405	0.03323
406	0.026729
407	0.290719
408	0.011818
409	-0.016907
410	-0.107117
411	-0.110873
412	0.09037
413	-0.177234
414	-0.203954
415	0.566521
416	0.179129
417	0.006498
418	0.191232
419	0.813735
420	1.037745
421	-0.076559
422	0.008104
423	-0.398245
424	0.240137
425	-0.317829
426	0.245886
427	-0.024004
428	-0.235088
429	0.285353
430	0.214474
431	-0.383772
432	-4
433	2.331818
434	-4
435	1.244059
